Date,Kind,Model,Max Mode,Input (w/ Cache Write),Input (w/o Cache Write),Cache Read,Output Tokens,Total Tokens,Cost
"2025-10-12T14:42:49.321Z","Included","auto","No","14160","2099","31338","2321","49918","0.04"
"2025-10-12T14:40:13.350Z","Included","auto","No","13614","6664","21037","1805","43120","0.04"
"2025-10-12T14:00:24.366Z","Included","auto","No","108925","52666","784075","56535","1002201","0.74"
"2025-10-12T12:58:07.061Z","Included","auto","No","44190","8985","152413","5971","211559","0.14"
"2025-10-11T13:57:38.787Z","Included","auto","No","6190","3902","54843","2143","67078","0.04"
"2025-10-11T13:33:55.851Z","Errored, Not Charged","auto","No","3494","2406","45501","1713","53114","0.03"
"2025-10-11T07:21:14.953Z","Included","auto","No","2414","1284","22954","880","27532","0.02"
"2025-10-11T07:11:43.281Z","Included","auto","No","2258","2251","27340","472","32321","0.02"
"2025-10-11T07:09:49.803Z","Included","auto","No","3532","1813","23555","1199","30099","0.02"
"2025-10-11T07:06:31.919Z","Included","auto","No","0","626","0","20","646","0.001"
"2025-10-11T07:03:44.218Z","Included","auto","No","1785","1635","22499","1235","27154","0.02"
"2025-10-10T14:43:03.270Z","Included","auto","No","10142","6491","22510","899","40042","0.03"
"2025-10-10T14:38:03.917Z","Included","auto","No","7251","582","19743","1164","28740","0.02"
"2025-10-10T13:09:52.295Z","Included","auto","No","21981","1526","296846","6008","326361","0.14"
"2025-10-10T13:01:20.710Z","Included","auto","No","5211","620","68704","2645","77180","0.04"
"2025-10-09T14:26:17.429Z","Included","auto","No","26946","1249","82134","4557","114886","0.08"
"2025-10-09T14:23:03.816Z","Included","auto","No","25408","1828","222963","7213","257412","0.13"
"2025-10-09T12:55:37.987Z","Included","auto","No","22255","403","67666","1844","92168","0.06"
"2025-10-09T12:51:26.297Z","Included","auto","No","20096","1821","135051","4079","161047","0.09"
"2025-10-08T13:35:49.591Z","Included","auto","No","0","1036","0","18","1054","0.001"
"2025-10-08T13:35:21.575Z","Included","auto","No","0","1000","0","22","1022","0.001"
"2025-10-08T13:34:36.770Z","Included","auto","No","0","991","0","23","1014","0.001"
"2025-10-08T11:42:31.042Z","Included","auto","No","7647","947","47105","1604","57303","0.03"
"2025-10-08T11:40:48.757Z","Included","auto","No","2834","903","39611","1229","44577","0.02"
"2025-10-08T11:37:03.184Z","Included","auto","No","3697","907","33981","705","39290","0.02"
"2025-10-08T11:36:22.439Z","Included","auto","No","3328","960","31016","1268","36572","0.02"
"2025-10-08T11:35:43.776Z","Included","auto","No","3696","282","27563","1084","32625","0.02"
"2025-10-08T11:34:54.330Z","Included","auto","No","2806","2259","10143","601","15809","0.01"
"2025-10-08T11:33:59.766Z","Included","auto","No","4518","968","27879","891","34256","0.02"
"2025-10-08T11:33:27.916Z","Included","auto","No","5907","2111","22406","992","31416","0.02"
"2025-10-08T11:32:48.846Z","Included","auto","No","6263","2130","24975","1219","34587","0.02"
"2025-10-08T11:31:46.304Z","Included","auto","No","4194","928","33648","1332","40102","0.02"
"2025-10-07T14:40:27.939Z","Included","auto","No","466712","4227","195083","3859","669881","0.66"
"2025-10-07T14:31:12.320Z","Included","auto","No","0","196","1536","97","1829","0.001"
"2025-10-07T14:30:58.888Z","Included","auto","No","0","1548","0","69","1617","0.002"
"2025-10-07T14:28:46.479Z","Included","auto","No","44329","3620","106126","1642","155717","0.10"
"2025-10-07T14:20:07.993Z","Errored, Not Charged","auto","No","45223","22226","159515","9360","236324","0.18"
"2025-10-07T14:20:05.650Z","Included","auto","No","61120","9997","107627","9999","188743","0.18"
"2025-10-07T14:13:24.697Z","Included","auto","No","29735","3473","36825","2376","72409","0.06"
"2025-10-07T14:12:32.919Z","Included","auto","No","23719","808","20971","1142","46640","0.04"
"2025-10-07T14:06:17.320Z","Included","auto","No","50970","9125","54978","8598","123671","0.14"
"2025-10-07T13:47:38.259Z","Included","auto","No","33217","10150","54158","7737","105262","0.11"
"2025-10-07T13:46:09.088Z","Errored, Not Charged","auto","No","202764","39366","257391","16197","515718","0.46"
"2025-10-07T13:44:50.839Z","Included","auto","No","92872","27128","99835","8307","228142","0.22"
"2025-10-07T13:34:17.248Z","Included","auto","No","2504","1971","108180","626","113281","0.04"
"2025-10-07T13:33:32.571Z","Included","auto","No","25477","690","45806","991","72964","0.05"
"2025-10-07T13:26:07.998Z","Included","auto","No","33538","41766","327398","5116","407818","0.21"
"2025-10-07T13:23:01.434Z","Included","auto","No","32799","52654","286139","4929","376521","0.21"
"2025-10-07T12:57:22.715Z","Included","auto","No","19325","8400","64424","7181","99330","0.09"
"2025-10-07T12:56:06.952Z","Included","auto","No","60332","22559","93839","8912","185642","0.18"
"2025-10-07T12:55:32.782Z","Included","auto","No","83669","14346","108479","12413","218907","0.22"
"2025-10-07T12:54:57.249Z","Included","auto","No","67508","9370","23889","10108","110875","0.16"
"2025-10-07T12:15:51.993Z","Included","auto","No","0","3370","0","10","3380","0.004"
"2025-10-06T15:51:10.816Z","Included","auto","No","13073","271","44436","5139","62919","0.06"
"2025-10-06T15:50:38.643Z","Included","auto","No","17987","459","160452","4820","183718","0.09"
"2025-10-06T15:50:06.358Z","Included","auto","No","30800","453","240582","5041","276876","0.13"
"2025-10-05T16:03:50.752Z","Included","auto","No","0","903","0","43","946","0.001"
"2025-10-05T15:59:34.648Z","Included","auto","No","0","702","1024","16","1742","0.001"
"2025-10-05T15:59:22.780Z","Included","auto","No","0","1236","0","26","1262","0.002"
"2025-10-05T15:59:08.959Z","Included","auto","No","0","1161","0","8","1169","0.001"
"2025-10-05T15:58:25.881Z","Included","auto","No","0","1221","0","12","1233","0.002"
"2025-10-05T15:56:49.946Z","Included","auto","No","0","1029","0","30","1059","0.001"
"2025-10-05T15:55:27.041Z","Included","auto","No","0","895","0","41","936","0.001"
"2025-10-05T15:48:03.234Z","Included","auto","No","51841","0","259858","8136","319835","0.18"
"2025-10-05T15:47:01.654Z","Included","auto","No","15458","0","311802","5239","332499","0.13"
"2025-10-05T15:46:41.438Z","Included","auto","No","18065","0","377505","4602","400172","0.14"
"2025-10-05T15:46:17.910Z","Included","auto","No","31805","0","414266","4675","450746","0.17"
"2025-10-05T15:31:36.235Z","Included","auto","No","60080","0","1160367","8462","1228909","0.42"
"2025-10-05T15:28:08.998Z","Included","auto","No","52481","0","386487","3571","442539","0.18"
